1000000000000000000
999999999999999999
999999999999999998
999999999999999997
999999999999999996
999999999999999995
999999999999999994
999999999999999993
999999999999999992
999999999999999991
1000000000000000000
999999999999999999
999999999999999998
999999999999999997
999999999999999996
999999999999999995
999999999999999994
999999999999999993
999999999999999992
999999999999999991
1000000000000000000 asdadad
999999999999999999
999999999999999998
999999999999999997adada
999999999999999996
999999999999999995  asdadadada
999999999999999994
999999999999999993
999999999999999992
999999999999999991
1000000000000000000
999999999999999999
999999999999999998
999999999999999997
999999999999999996
999999999999999995
999999999999999994
999999999999999993
999999999999999992
999999999999999991
1000000000000000000
999999999999999999
999999999999999998
999999999999999997
999999999999999996
999999999999999995
999999999999999994
999999999999999993
999999999999999992
999999999999999991
1000000000000000000
999999999999999999
999999999999999998
999999999999999997
999999999999999996
999999999999999995
999999999999999994
999999999999999993
999999999999999992
999999999999999991
1000000000000000000
999999999999999999
999999999999999998
999999999999999997
999999999999999996
999999999999999995
999999999999999994
999999999999999993
999999999999999992
999999999999999991
1000000000000000000
999999999999999999
999999999999999998
999999999999999997
999999999999999996
999999999999999995
999999999999999994
999999999999999993
999999999999999992
999999999999999991
1000000000000000000
999999999999999999
999999999999999998
999999999999999997
999999999999999996
999999999999999995
999999999999999994
999999999999999993
999999999999999992
999999999999999991
1000000000000000000
999999999999999999
999999999999999998
999999999999999997
999999999999999996
999999999999999995
999999999999999994
999999999999999993
999999999999999992
999999999999999991
1000000000000000000
999999999999999999
999999999999999998
999999999999999997
999999999999999996
999999999999999995
999999999999999994
999999999999999993
999999999999999992
999999999999999991
1000000000000000000
999999999999999999
999999999999999998
999999999999999997
999999999999999996
999999999999999995
999999999999999994
999999999999999993
999999999999999992
999999999999999991
1000000000000000000
999999999999999999
999999999999999998
999999999999999997
999999999999999996
999999999999999995
999999999999999994
999999999999999993
999999999999999992
999999999999999991
1000000000000000000
999999999999999999
999999999999999998
999999999999999997
999999999999999996
999999999999999995
999999999999999994
999999999999999993
999999999999999992
999999999999999991
1000000000000000000
999999999999999999
999999999999999998
999999999999999997
999999999999999996
999999999999999995
999999999999999994
999999999999999993
999999999999999992
999999999999999991
1000000000000000000
999999999999999999
999999999999999998
999999999999999997
999999999999999996
999999999999999995
999999999999999994
999999999999999993
999999999999999992
999999999999999991
1000000000000000000
999999999999999999
999999999999999998
999999999999999997
999999999999999996
999999999999999995
999999999999999994
999999999999999993
999999999999999992
999999999999999991
1000000000000000000
999999999999999999
999999999999999998
999999999999999997
999999999999999996
999999999999999995
999999999999999994
999999999999999993
999999999999999992
999999999999999991
1000000000000000000
999999999999999999
999999999999999998
999999999999999997
999999999999999996
999999999999999995
999999999999999994
999999999999999993
999999999999999992
999999999999999991
1000000000000000000
999999999999999999
999999999999999998
999999999999999997
999999999999999996
999999999999999995
999999999999999994
999999999999999993
999999999999999992
999999999999999991
1000000000000000000
999999999999999999
999999999999999998
999999999999999997
999999999999999996
999999999999999995
999999999999999994
999999999999999993
999999999999999992
999999999999999991
1000000000000000000
999999999999999999
999999999999999998
999999999999999997
999999999999999996
999999999999999995
999999999999999994
999999999999999993
999999999999999992
99999999999999999
1000000000000000000
999999999999999999
999999999999999998
999999999999999997
999999999999999996
999999999999999995
999999999999999994
999999999999999993
999999999999999992
999999999999999991
1000000000000000000
999999999999999999
999999999999999998
999999999999999997
999999999999999996
999999999999999995
999999999999999994
999999999999999993
999999999999999992
999999999999999991
1000000000000000000
999999999999999999
999999999999999998
999999999999999997
999999999999999996
999999999999999995
999999999999999994
999999999999999993
999999999999999992
999999999999999991
1000000000000000000
999999999999999999
999999999999999998
999999999999999997
999999999999999996
999999999999999995
999999999999999994
999999999999999993
999999999999999992
999999999999999991
1000000000000000000
999999999999999999
999999999999999998
999999999999999997
999999999999999996
999999999999999995
999999999999999994
999999999999999993
999999999999999992
999999999999999991
1000000000000000000
999999999999999999
999999999999999998
999999999999999997
999999999999999996
999999999999999995
999999999999999994
999999999999999993
999999999999999992
999999999999999991
1000000000000000000
999999999999999999
999999999999999998
999999999999999997
999999999999999996
999999999999999995
999999999999999994
999999999999999993
999999999999999992
999999999999999991
1000000000000000000
999999999999999999
999999999999999998
999999999999999997
999999999999999996
999999999999999995
999999999999999994
999999999999999993
999999999999999992
999999999999999991
1000000000000000000
999999999999999999
999999999999999998
999999999999999997
999999999999999996
999999999999999995
999999999999999994
999999999999999993
999999999999999992
999999999999999991
1000000000000000000
999999999999999999
999999999999999998
999999999999999997
999999999999999996
999999999999999995
999999999999999994
999999999999999993
999999999999999992
999999999999999991
1000000000000000000
999999999999999999
999999999999999998
999999999999999997
999999999999999996
999999999999999995
999999999999999994
999999999999999993
999999999999999992
999999999999999991
1000000000000000000
999999999999999999
999999999999999998
999999999999999997
999999999999999996
999999999999999995
999999999999999994
999999999999999993
999999999999999992
999999999999999991
1000000000000000000
999999999999999999
999999999999999998
999999999999999997
999999999999999996
999999999999999995
999999999999999994
999999999999999993
999999999999999992
999999999999999991
999999999999999994
999999999999999993
999999999999999992
999999999999999991
1000000000000000000
999999999999999999
999999999999999998
999999999999999997
999999999999999996
999999999999999995
999999999999999994
999999999999999993
999999999999999992
999999999999999991
1000000000000000000
999999999999999999
999999999999999998
999999999999999997
999999999999999996
999999999999999995
999999999999999994
999999999999999993
999999999999999992
999999999999999991
999999999999999994
999999999999999993
999999999999999992
999999999999999991
1000000000000000000
999999999999999999
999999999999999998
999999999999999997
999999999999999996
999999999999999995
999999999999999994
999999999999999993
999999999999999992
999999999999999991
1000000000000000000
999999999999999999
999999999999999998
999999999999999997
999999999999999996
999999999999999995
999999999999999994
999999999999999993
999999999999999992
999999999999999991
999999999999999994
999999999999999993
999999999999999992
999999999999999991
1000000000000000000
999999999999999999
999999999999999998
999999999999999997




